# Dimensions (x, y, z)
d  512 512 8

# Paths: Sources (x, y, z) -> Destinations (x, y, z)
p   432 388 3   132 261 3
p   401 155 3   298 464 4
p   144 386 4   128 465 7
p   414 461 2   373 460 5
p   241  51 3   312 467 7
p   244 443 2   412 280 0
p   368 204 6   342   0 3
p   444 124 2   445  97 4
p   122 495 6   229  41 2
p   260 477 0   282 361 4
p   417 276 7   308 300 3
p   305 197 4   148  96 1
p   313 336 3    45 387 7
p   472 431 7   472 276 3
p   361 141 6   434 458 4
p   486 296 3   338 510 7
p   406  42 4   249 322 6
p   124 374 0   112 406 2
p   417  51 1   357  23 4
p   465 273 5    13 325 4
p   294 200 2   502  18 0
p   492  94 0   107 409 7
p    11 217 0   133 113 5
p   179  92 4    20  51 7
p   102 183 5   429 470 1
p   344 494 0   346 432 2
p   128 305 3    89 241 3
p   291 260 2   182 428 2
p   287   6 5   171  23 2
p   122 488 2   147 183 7
p   324 317 5   198 212 5
p     0  98 2   122 326 3
p   448 290 3   205 359 3
p   339  23 3   132  80 4
p   249 287 6   452 253 2
p   239 414 7   415  96 7
p   324  42 5   505 205 5
p   161 109 5     1 421 4
p    50  60 5   447 143 7
p    51 437 3    41 140 3
p   405 441 1   266 333 2
p   446 142 0    20 348 4
p   484 480 7    21 383 5
p   335 364 7   327 190 4
p   106 300 0    77 170 6
p   367 173 4    21  83 7
p   148 202 4   150 244 1
p    24  91 4    36 206 2
p   212  50 7   242 430 7
p   175 245 5   218 154 5
p   457 470 5   192 498 5
p    33  43 5    31   4 3
p   265 229 3   299 347 3
p   188 506 2   397 220 2
p    32 442 5   462 231 5
p    60 203 1    21 485 1
p    74 101 3   279  77 7
p   503  75 3   348 449 3
p   469 165 3   255 343 1
p   312 112 2   492 460 6
p    18  75 2   401 431 4
p   367 413 0    43 444 0
p   115  20 0   432 169 1
p    76 335 7   258 461 4
p   293 347 6   388 507 5
p   463 105 4   306 422 3
p   405 198 4   435 408 5
p     0  93 4   130  33 6
p   482 155 3   414  31 5
p    65 146 6    28  18 3
p   251 442 5   344  77 7
p   210 313 3    24 241 1
p    16 316 5    53 281 2
p   196 397 3   451 312 3
p   323 172 0   349 318 6
p    65 466 6   469 446 5
p   414 265 6    96 400 3
p   387 233 6    38  22 7
p   248 461 7   341 292 1
p    47 419 7   399 357 3
p   156  58 3   289 472 7
p   212  50 6   375  15 3
p   351  15 7   492 369 0
p    36 183 0   178   5 7
p   419  36 7   106 104 5
p   480  63 0   188  12 4
p   439  95 0   176 491 1
p   494 185 3   149 479 7
p   325  94 7    52 297 1
p   459 484 6   161 124 6
p   149 214 0    67  10 0
p    37 215 4   379  72 3
p   326  43 3   189 485 0
p   209 213 5   164 104 2
p   241 486 6   141 285 5
p   407 228 3   393 221 1
p   232 479 1   236 326 3
p   104   0 5   316   3 2
p   393 322 4    79 361 3
p   347 389 1   390 143 7
p    61 452 0   131 269 4
p   202  52 2   145 386 7
p   304  18 6   156 174 4
p   127 471 1   212 148 4
p   293 321 4   210 324 3
p   398 403 2   190 321 1
p   356 195 4    71 342 2
p   242 212 3   355 162 5
p    30 153 5    26 318 0
p   241 454 0   269  34 6
p   351 379 5     3  21 4
p   511 447 5   372 116 6
p   147  53 3   169  86 3
p   459 222 3   362 268 1
p   466 227 6   199 413 3
p   112 100 7   300  25 3
p   119  43 1    29 326 1
p   312 313 5   262 145 7
p   180 234 5   264 489 7
p   476 478 4   250 360 1
p   136  22 1     1 335 1
p   402 348 7   203 471 3
p   173  52 7   406 165 3
p   166  14 0   188 107 4
p    96 103 5   376 159 6
p   130 176 5    22 478 0
p   235 370 0   414 501 3
p    60  41 0   391 211 7
