# Dimensions (x, y, z)
d  512 512 8

# Paths: Sources (x, y, z) -> Destinations (x, y, z)
p   432 388 3   132 261 3
p   401 155 3   298 464 4
p   144 386 4   128 465 7
p   414 461 2   373 460 5
p   241  51 3   312 467 7
p   244 443 2   412 280 0
p   368 204 6   342   0 3
p   444 124 2   445  97 4
p   122 495 6   229  41 2
p   260 477 0   282 361 4
p   417 276 7   308 300 3
p   305 197 4   148  96 1
p   313 336 3    45 387 7
p   472 431 7   472 276 3
p   361 141 6   434 458 4
p   486 296 3   338 510 7
