# Dimensions (x, y, z)
d  512 512 8

# Paths: Sources (x, y, z) -> Destinations (x, y, z)
p   432 388 3   132 261 3
p   401 155 3   298 464 4
p   144 386 4   128 465 7
p   414 461 2   373 460 5
p   241  51 3   312 467 7
p   244 443 2   412 280 0
p   368 204 6   342   0 3
p   444 124 2   445  97 4
p   122 495 6   229  41 2
p   260 477 0   282 361 4
p   417 276 7   308 300 3
p   305 197 4   148  96 1
p   313 336 3    45 387 7
p   472 431 7   472 276 3
p   361 141 6   434 458 4
p   486 296 3   338 510 7
p   406  42 4   249 322 6
p   124 374 0   112 406 2
p   417  51 1   357  23 4
p   465 273 5    13 325 4
p   294 200 2   502  18 0
p   492  94 0   107 409 7
p    11 217 0   133 113 5
p   179  92 4    20  51 7
p   102 183 5   429 470 1
p   344 494 0   346 432 2
p   128 305 3    89 241 3
p   291 260 2   182 428 2
p   287   6 5   171  23 2
p   122 488 2   147 183 7
p   324 317 5   198 212 5
p     0  98 2   122 326 3
