# Dimensions (x, y, z)
d  512 512 8

# Paths: Sources (x, y, z) -> Destinations (x, y, z)
p   432 388 3   132 261 3
p   401 155 3   298 464 4
p   144 386 4   128 465 7
p   414 461 2   373 460 5
p   241  51 3   312 467 7
p   244 443 2   412 280 0
p   368 204 6   342   0 3
p   444 124 2   445  97 4
p   122 495 6   229  41 2
p   260 477 0   282 361 4
p   417 276 7   308 300 3
p   305 197 4   148  96 1
p   313 336 3    45 387 7
p   472 431 7   472 276 3
p   361 141 6   434 458 4
p   486 296 3   338 510 7
p   406  42 4   249 322 6
p   124 374 0   112 406 2
p   417  51 1   357  23 4
p   465 273 5    13 325 4
p   294 200 2   502  18 0
p   492  94 0   107 409 7
p    11 217 0   133 113 5
p   179  92 4    20  51 7
p   102 183 5   429 470 1
p   344 494 0   346 432 2
p   128 305 3    89 241 3
p   291 260 2   182 428 2
p   287   6 5   171  23 2
p   122 488 2   147 183 7
p   324 317 5   198 212 5
p     0  98 2   122 326 3
p   448 290 3   205 359 3
p   339  23 3   132  80 4
p   249 287 6   452 253 2
p   239 414 7   415  96 7
p   324  42 5   505 205 5
p   161 109 5     1 421 4
p    50  60 5   447 143 7
p    51 437 3    41 140 3
p   405 441 1   266 333 2
p   446 142 0    20 348 4
p   484 480 7    21 383 5
p   335 364 7   327 190 4
p   106 300 0    77 170 6
p   367 173 4    21  83 7
p   148 202 4   150 244 1
p    24  91 4    36 206 2
p   212  50 7   242 430 7
p   175 245 5   218 154 5
p   457 470 5   192 498 5
p    33  43 5    31   4 3
p   265 229 3   299 347 3
p   188 506 2   397 220 2
p    32 442 5   462 231 5
p    60 203 1    21 485 1
p    74 101 3   279  77 7
p   503  75 3   348 449 3
p   469 165 3   255 343 1
p   312 112 2   492 460 6
p    18  75 2   401 431 4
p   367 413 0    43 444 0
p   115  20 0   432 169 1
p    76 335 7   258 461 4
